mins,bg,reservoir,iob,dose
0,113,97.74,0,0.1
10,134,97.59,0,0.15
20,148,97.47,0,0.12
30,159,97.32,0,0.15
40,167,97.17,0,0.15
50,169,97.04,0,0.13
60,163,96.97,0,0.07
70,153,96.95,0,0.02
80,137,96.95,0,0
90,123,96.95,0,0
100,113,96.95,0,0
110,111,96.87,0,0.08
120,139,96.87,0,0
130,158,96.64,0,0.23
140,164,96.55,0,0.09
150,170,96.5,0,0.05
160,172,96.5,0,0
170,178,96.5,0,0
180,184,96.5,0,0
190,195,96.5,0,0
200,208,96.43,0.78,0.07
210,219,96.32,0.63,0.11
220,225,96.23,0.55,0.09
230,233,96.13,0.48,0.1
240,235,96.05,0.4,0.08
250,232,95.95,0.33,0.1
260,235,95.85,0.25,0.1
